
Predictions(GD) 	 Predictions(C) 	 True Value
4.29556			 4.29504			 4.27024
0.291483			 0.283711			 0.317735
0.226578			 0.265424			 0.223717
1.11056			 1.11118			 1.14218
4.30734			 4.3068			 4.26218
0.236428			 0.269541			 0.269496
4.29242			 4.29189			 4.32529
1.26789			 1.26801			 1.25331
2.2636			 2.27232			 2.26387
5.27547			 5.27962			 5.24623
0.753254			 0.740901			 0.742013
0.446364			 0.451533			 0.467893
1.32502			 1.32473			 1.30461
3.2967			 3.30423			 3.27748
1.81774			 1.81942			 1.81343
4.44282			 4.44225			 4.46861
6.41779			 6.41777			 6.39194
2.85488			 2.8661			 2.86828
2.42099			 2.43142			 2.45584
2.37041			 2.38037			 2.3857
0.773921			 0.762649			 0.798726
1.31108			 1.3109			 1.3323
0.472918			 0.475336			 0.430699
0.276333			 0.274467			 0.272273
0.381705			 0.385216			 0.402518
1.43277			 1.4319			 1.45051
0.870749			 0.864885			 0.905168
1.39519			 1.39447			 1.36192
1.3105			 1.31031			 1.33098
4.81829			 4.81909			 4.84302
0.918241			 0.91464			 0.941241
0.205386			 0.210902			 0.178475
1.06559			 1.06587			 1.05052
2.37481			 2.38481			 2.36941
0.980283			 0.978902			 0.95527
0.6275			 0.613232			 0.667105
1.75061			 1.75136			 1.78518
5.09297			 5.09569			 5.07711
4.60354			 4.60332			 4.60558
0.211798			 0.238329			 0.246133
2.85593			 2.86715			 2.837
0.262046			 0.270335			 0.266584
1.15019			 1.15087			 1.1262
2.48035			 2.49122			 2.48708
5.3046			 5.30896			 5.33295
1.04719			 1.04724			 1.05197
2.66784			 2.67941			 2.71687
0.32693			 0.319505			 0.359323
0.448836			 0.453806			 0.452571
0.430961			 0.437016			 0.469011
0.593314			 0.580954			 0.632516
3.55211			 3.55679			 3.55735
5.69248			 5.69902			 5.72532
1.22356			 1.22398			 1.18904
2.57375			 2.58511			 2.57672
4.69304			 4.69317			 4.64476
0.197542			 0.154868			 0.176633
1.22785			 1.22824			 1.19417
0.329408			 0.322432			 0.323816
1.17083			 1.17148			 1.13506
1.05641			 1.05658			 1.02133
2.55757			 2.56887			 2.59185
0.263693			 0.270589			 0.223159
4.87966			 4.88084			 4.86019
0.577404			 0.566385			 0.551278
0.969474			 0.96777			 0.962239
3.24493			 3.25303			 3.27474
0.922799			 0.919391			 0.939912
4.12064			 4.12063			 4.11039
1.81957			 1.82127			 1.81554
0.570464			 0.560118			 0.577386
0.319575			 0.311018			 0.333597
0.730794			 0.717403			 0.739908
4.48126			 4.48074			 4.52175
0.362115			 0.362147			 0.349502
1.88709			 1.88984			 1.92371
0.396425			 0.40166			 0.379914
1.24795			 1.24822			 1.23473
2.97518			 2.98572			 2.96985
4.44255			 4.44198			 4.40208
1.83499			 1.83692			 1.87107
1.94429			 1.94797			 1.99566
0.205847			 0.213345			 0.269969
0.252366			 0.269771			 0.296897
1.48204			 1.48107			 1.46018
0.444008			 0.449353			 0.421509
4.69351			 4.69364			 4.6573
0.582969			 0.571449			 0.578566
0.188637			 0.0455768			 0.200454
1.16915			 1.1698			 1.12971
0.361984			 0.36199			 0.405842
0.953649			 0.951423			 0.909345
0.35895			 0.358322			 0.353381
0.709764			 0.695591			 0.73151
0.398454			 0.40386			 0.385293
0.49484			 0.494313			 0.523847
0.429739			 0.435835			 0.423226
0.303067			 0.293695			 0.280016
3.12141			 3.13075			 3.09658
1.4679			 1.46694			 1.42955
2.42495			 2.43541			 2.43437
2.93426			 2.94507			 2.93496
4.16098			 4.1608			 4.11857
1.46533			 1.46438			 1.50018
5.19373			 5.19724			 5.23783
0.956826			 0.954709			 0.945655
0.187233			 0.0223585			 0.234044
3.60411			 3.60822			 3.6277
3.82901			 3.83093			 3.87851
4.11314			 4.11316			 4.08948
3.04872			 3.0587			 3.07423
3.83742			 3.83926			 3.82383
0.227054			 0.265785			 0.259591
1.04866			 1.04872			 1.01225
4.75561			 4.75605			 4.71488
0.280786			 0.27668			 0.278621
0.314564			 0.305464			 0.342799
5.32923			 5.33377			 5.28536
3.32997			 3.33714			 3.29371
6.14312			 6.14805			 6.12343
0.242757			 0.269953			 0.218615
0.206019			 0.214233			 0.178861
0.663414			 0.64848			 0.678019
0.293276			 0.285108			 0.27691
1.02582			 1.02551			 1.01215
1.75926			 1.76013			 1.74386
0.40879			 0.414821			 0.407313
0.470548			 0.473257			 0.472837
0.800292			 0.790497			 0.827897
1.44104			 1.44014			 1.39926
6.3134			 6.31571			 6.3101
0.302141			 0.29282			 0.264827
1.21005			 1.21054			 1.20631
1.99619			 2.00075			 2.03057
1.23707			 1.23741			 1.203
0.911858			 0.90798			 0.885643
1.92433			 1.92768			 1.89811
0.472792			 0.475225			 0.510035
0.803175			 0.793545			 0.755546
0.825108			 0.816734			 0.794447
0.26037			 0.270129			 0.311949
0.246328			 0.2699			 0.285671
0.957402			 0.955306			 0.927644
0.780215			 0.769288			 0.814679
0.568793			 0.558617			 0.55534
0.375157			 0.377642			 0.38993
0.221321			 0.2598			 0.214884
2.35014			 2.35988			 2.33473
6.30383			 6.30632			 6.31056
0.585987			 0.574209			 0.563779
2.1287			 2.13546			 2.13056
1.90951			 1.91262			 1.95078
0.900916			 0.896541			 0.892034
0.351511			 0.349265			 0.308787
0.437875			 0.443612			 0.385854
1.98242			 1.98675			 2.00307
1.05542			 1.05558			 1.05908
0.383564			 0.387338			 0.396335
0.287788			 0.281021			 0.32883
0.569841			 0.559558			 0.516762
0.865621			 0.859487			 0.858962
2.63775			 2.64929			 2.61819
2.90275			 2.91374			 2.95462
1.81263			 1.81422			 1.82143
0.565121			 0.555328			 0.56464
1.40684			 1.40608			 1.3989
3.68308			 3.68636			 3.69988
2.05373			 2.05927			 2.03706
1.19563			 1.19619			 1.17883
0.938574			 0.935797			 0.887708
2.06789			 2.07365			 2.03689
0.20064			 0.180594			 0.259971
0.407821			 0.413811			 0.445784
4.1244			 4.12438			 4.1111
1.05769			 1.05788			 1.02294
0.487104			 0.487656			 0.491129
0.295193			 0.286666			 0.258145
0.671475			 0.656557			 0.642135
0.787993			 0.7775			 0.781941
2.24819			 2.2567			 2.22378
5.28374			 5.28794			 5.27326
0.551581			 0.54332			 0.593303
1.51589			 1.51493			 1.53462
0.683134			 0.668333			 0.713705
0.503864			 0.502053			 0.459117
0.667669			 0.652737			 0.687254
0.847829			 0.840734			 0.834206
0.504822			 0.502874			 0.542703
1.30078			 1.30067			 1.27072
3.24372			 3.25182			 3.27844
1.88841			 1.89118			 1.85166
0.418734			 0.424986			 0.450237
0.921263			 0.91779			 0.936638
0.469801			 0.472601			 0.431964
0.747716			 0.735091			 0.73958
0.408565			 0.414587			 0.403585
0.481321			 0.482655			 0.50163
0.478229			 0.47997			 0.440914
0.464969			 0.468335			 0.453496
2.63268			 2.64421			 2.67955
0.346457			 0.343084			 0.331463
3.62372			 3.62763			 3.63584
5.60872			 5.61497			 5.63038
2.11161			 2.11809			 2.12796
0.247755			 0.269862			 0.208491
3.12854			 3.1378			 3.08964
0.252628			 0.26977			 0.284059
0.523045			 0.518511			 0.475159
0.232342			 0.268555			 0.204834
0.359436			 0.35891			 0.369386
2.77832			 2.7898			 2.82643
2.12525			 2.13195			 2.14254
1.49269			 1.49171			 1.50948
0.500984			 0.499585			 0.447872
1.11946			 1.12011			 1.07382
3.52823			 3.53317			 3.57567
3.13834			 3.14752			 3.12588
1.1569			 1.15757			 1.16001
3.20261			 3.21115			 3.20414
0.605585			 0.592388			 0.640465
1.27849			 1.27854			 1.30137
0.915414			 0.911691			 0.871957
0.538536			 0.531908			 0.530755
0.724694			 0.711054			 0.679268
0.334948			 0.329069			 0.341254
0.205115			 0.209434			 0.241674
0.451085			 0.455862			 0.434558
4.10226			 4.10233			 4.08209
0.357272			 0.356287			 0.335161
0.194407			 0.123013			 0.187228
1.17119			 1.17184			 1.20376
1.98133			 1.98564			 1.95748
0.566951			 0.556966			 0.565852
0.400192			 0.405732			 0.353815
3.66936			 3.67279			 3.62973
0.334578			 0.328622			 0.297636
2.16231			 2.16959			 2.14693
0.387458			 0.391741			 0.393415
0.234775			 0.269234			 0.261558
3.81394			 3.81599			 3.86142
0.300012			 0.290854			 0.343083
0.857181			 0.850596			 0.826162
2.19905			 2.20687			 2.24965
0.715516			 0.701535			 0.661294
3.92972			 3.93083			 3.94955
1.26154			 1.26171			 1.24792
0.240268			 0.269901			 0.242346
0.290043			 0.282632			 0.337312
3.09036			 3.09998			 3.12494
1.32984			 1.32952			 1.37495
0.398062			 0.403436			 0.367071
3.83398			 3.83585			 3.84209
0.326467			 0.31896			 0.285641
3.57373			 3.57817			 3.54251
0.298512			 0.28951			 0.25716
0.751577			 0.739141			 0.772162
0.27126			 0.272486			 0.238899
0.580598			 0.569286			 0.600412
0.580739			 0.569415			 0.575533
1.71426			 1.71457			 1.72238
0.234			 0.26905			 0.262609
0.302061			 0.292745			 0.305182
0.593258			 0.580903			 0.549612
0.480954			 0.482336			 0.447748
1.03677			 1.03666			 1.0255
6.11502			 6.12025			 6.11384
1.07666			 1.07706			 1.09686
4.9086			 4.90997			 4.91287
3.7463			 3.74897			 3.76506
1.60857			 1.60795			 1.61424
0.229165			 0.267142			 0.239534
1.28821			 1.28819			 1.27223
1.07079			 1.07113			 1.09927
0.194965			 0.12915			 0.221499
0.805161			 0.795644			 0.816124
0.969796			 0.968102			 0.953189
1.2647			 1.26484			 1.31044
0.664657			 0.649722			 0.696562
0.453699			 0.458239			 0.411213
1.38877			 1.38809			 1.37291
0.230068			 0.267614			 0.269961
0.448612			 0.453601			 0.470196
0.388538			 0.392953			 0.419498
0.224647			 0.263731			 0.230791
1.00238			 1.00157			 1.00363
3.30055			 3.30804			 3.27467
3.54678			 3.55152			 3.57501
0.346814			 0.343521			 0.388754
2.0915			 2.09765			 2.09972
2.04259			 2.04794			 2.04289
1.18735			 1.18794			 1.22955
3.68834			 3.69157			 3.72972
0.342707			 0.338499			 0.392566
0.364019			 0.364439			 0.408762
4.64143			 4.64134			 4.59495
0.389045			 0.39352			 0.376445
1.84384			 1.8459			 1.81505
3.37854			 3.38516			 3.42368
1.54912			 1.54822			 1.52666
0.317482			 0.308672			 0.314985
4.14804			 4.14791			 4.10406
1.20963			 1.21012			 1.19463
0.583546			 0.571975			 0.562396
0.408332			 0.414344			 0.411606
6.05554			 6.06132			 6.02166
0.297371			 0.288512			 0.272819
1.47391			 1.47295			 1.47938
0.447756			 0.452815			 0.48405
1.4964			 1.49542			 1.53132
0.267942			 0.271501			 0.257459
0.561853			 0.552414			 0.529
0.246281			 0.269901			 0.285869
1.69765			 1.69779			 1.69246
0.25612			 0.269827			 0.282384
1.95644			 1.96033			 1.98774
0.562191			 0.552715			 0.510445
0.332296			 0.325879			 0.297328
0.393884			 0.398881			 0.342598
0.375551			 0.378102			 0.358833
0.301027			 0.291783			 0.273883
0.388646			 0.393073			 0.366982
0.681426			 0.666601			 0.682408
0.561357			 0.551973			 0.599537
1.09174			 1.09226			 1.08793
0.917268			 0.913625			 0.919523
2.29412			 2.30322			 2.31586
1.10892			 1.10953			 1.15201
0.686103			 0.671349			 0.702053
0.271274			 0.27249			 0.295906
2.85055			 2.86179			 2.8745
0.995293			 0.994316			 0.943261
0.190547			 0.0742442			 0.213053
5.07911			 5.08172			 5.02875
0.827248			 0.818996			 0.845917
0.214755			 0.247002			 0.213788
5.85316			 5.85984			 5.79901
0.250316			 0.269798			 0.262375
2.99612			 3.00651			 2.99977
0.4225			 0.428744			 0.401369
2.97286			 2.98341			 2.98552
0.47495			 0.477112			 0.468524
2.47454			 2.48538			 2.50009
0.554256			 0.545679			 0.534299
4.01882			 4.01934			 4.00757
0.925973			 0.922696			 0.954535
1.60104			 1.60037			 1.62876
1.05014			 1.05023			 1.03647
0.966599			 0.964804			 0.970277
0.709422			 0.695238			 0.726531
0.272433			 0.272892			 0.27329
0.321369			 0.313055			 0.306841
1.58004			 1.57927			 1.61016
0.934839			 0.931918			 0.940196
0.51694			 0.513264			 0.495703
0.197402			 0.153572			 0.213697
0.211879			 0.238594			 0.236035
2.42644			 2.43691			 2.47277
0.202335			 0.192582			 0.21775
4.10215			 4.10222			 4.07749
0.361534			 0.361447			 0.312283
0.443312			 0.448706			 0.41943
0.252342			 0.269771			 0.237651
0.231198			 0.268123			 0.208182
0.653635			 0.638758			 0.628592
0.672967			 0.658057			 0.617378
0.433688			 0.439634			 0.472526
1.48789			 1.48692			 1.50528
6.65184			 6.64425			 6.66805
0.483491			 0.484534			 0.44648
1.83891			 1.8409			 1.84554
3.18524			 3.19395			 3.17217
0.341221			 0.336685			 0.332027
0.657804			 0.642892			 0.67987
0.626506			 0.612275			 0.662398
0.273226			 0.273185			 0.26277
4.10127			 4.10135			 4.11853
0.306662			 0.297205			 0.280541
0.418321			 0.424572			 0.4172
1.01488			 1.01436			 0.962433
0.584465			 0.572816			 0.593375
0.30953			 0.300122			 0.316275
0.573416			 0.562777			 0.570567
2.71179			 2.72337			 2.76469
3.02727			 3.03742			 3.05605
0.235362			 0.269356			 0.23107
0.833125			 0.825207			 0.834761
1.02523			 1.02491			 1.06024
5.262			 5.26604			 5.21813
3.39085			 3.39734			 3.38813
4.6962			 4.69635			 4.7245
0.607124			 0.593834			 0.602583
0.727964			 0.714455			 0.671209
2.10509			 2.11147			 2.1244
0.275211			 0.273979			 0.2511
4.3037			 4.30316			 4.3087
1.65496			 1.65468			 1.64148
0.218587			 0.2554			 0.229413
5.20944			 5.21307			 5.22658
2.42843			 2.43891			 2.39847
5.52085			 5.52667			 5.48124
0.744066			 0.731267			 0.738347
0.421781			 0.428031			 0.386901
2.87822			 2.88934			 2.88151
2.43186			 2.44237			 2.47916
0.225068			 0.264133			 0.187483
0.384498			 0.388399			 0.341927
2.10331			 2.10966			 2.106
0.57835			 0.567243			 0.604888
4.21848			 4.21812			 4.21301
5.17989			 5.1833			 5.16096
4.12278			 4.12276			 4.12522
0.334984			 0.329112			 0.317342
0.236453			 0.269545			 0.282371
0.786383			 0.7758			 0.758271
1.21677			 1.21722			 1.2076
0.27221			 0.272813			 0.279249
0.559374			 0.55021			 0.527586
1.03912			 1.03904			 1.05351
2.66463			 2.6762			 2.63842
0.728993			 0.715527			 0.702991
0.978123			 0.976679			 0.953237
3.28615			 3.2938			 3.27693
6.71331			 6.70313			 6.71592
0.552125			 0.543799			 0.582869
0.340473			 0.335774			 0.377492
3.12092			 3.13026			 3.13764
3.19444			 3.20306			 3.18904
2.14276			 2.14973			 2.17932
4.66041			 4.66041			 4.6836
0.419842			 0.426097			 0.453485
1.34978			 1.34933			 1.30239
0.253558			 0.269771			 0.245631
1.14831			 1.14899			 1.16767
2.627			 2.63851			 2.62659
2.82688			 2.83822			 2.87264
0.392416			 0.397264			 0.373159
5.82893			 5.83563			 5.79829
0.20511			 0.209406			 0.268856
0.491146			 0.491138			 0.530767
5.40541			 5.4105			 5.40868
1.92412			 1.92747			 1.90963
2.60972			 2.62119			 2.60961
0.382255			 0.385845			 0.396798
0.498372			 0.497345			 0.472498
0.954492			 0.952296			 0.99723
0.348676			 0.345799			 0.328517
0.498853			 0.497757			 0.494362
0.446309			 0.451482			 0.395243
0.609477			 0.59605			 0.56721
0.490862			 0.490893			 0.534841
1.07736			 1.07776			 1.08111
3.52274			 3.52774			 3.49771
0.544046			 0.536711			 0.557588
0.289787			 0.282444			 0.248406
1.96277			 1.96677			 1.98149
0.3743			 0.376639			 0.35616
0.710385			 0.696231			 0.734585
4.39236			 4.39177			 4.43608
1.41257			 1.41178			 1.44769
0.39602			 0.401218			 0.369512
1.40901			 1.40823			 1.41867
1.96508			 1.96912			 1.92655
2.74132			 2.75287			 2.79245
0.317481			 0.308671			 0.338019
0.706925			 0.692664			 0.665201
1.63472			 1.63428			 1.66988
0.713187			 0.699127			 0.740008
0.414208			 0.420405			 0.439755
0.208074			 0.224033			 0.225358
0.667491			 0.652558			 0.669252
2.94423			 2.95497			 2.99849
2.17471			 2.18217			 2.19138
0.39684			 0.402111			 0.407177
0.511949			 0.508983			 0.483725
2.24707			 2.25557			 2.27721
1.85961			 1.86192			 1.82027
4.43885			 4.43828			 4.39753
1.28367			 1.28368			 1.33074
2.00871			 2.01348			 2.03925
1.7827			 1.78388			 1.8181
0.834297			 0.826445			 0.828803
1.40659			 1.40583			 1.40254
0.896377			 0.891789			 0.871067
0.91931			 0.915755			 0.948574
0.655744			 0.640847			 0.68417
5.97387			 5.98018			 5.98067
0.225128			 0.26419			 0.271089
1.77352			 1.77457			 1.78806
0.209183			 0.22873			 0.209306
1.11226			 1.11289			 1.06873
6.23688			 6.24054			 6.1855
0.420963			 0.427216			 0.400189
0.680933			 0.666102			 0.677929
1.92697			 1.93037			 1.93679
0.48497			 0.485813			 0.46602
0.446589			 0.451741			 0.429402
3.18281			 3.19155			 3.17779
0.761514			 0.749581			 0.781212
0.247756			 0.269862			 0.268583
4.42741			 4.42683			 4.42933
0.214087			 0.245226			 0.186176
0.329211			 0.322198			 0.371305
0.354768			 0.353239			 0.395759
0.254867			 0.269789			 0.252268
2.76488			 2.77639			 2.75094
1.05204			 1.05216			 1.06587
0.210265			 0.232941			 0.21198
1.21238			 1.21286			 1.21762
0.671145			 0.656226			 0.658502
0.565311			 0.555499			 0.526122
1.36303			 1.3625			 1.33228
1.27575			 1.27582			 1.29778
0.294948			 0.286463			 0.299082
3.97053			 3.97135			 3.93489
5.29956			 5.30389			 5.27115
0.459188			 0.463184			 0.437418
1.09383			 1.09436			 1.07907
0.613648			 0.599994			 0.61164
0.686742			 0.671998			 0.631119
0.220793			 0.25904			 0.22475
0.812427			 0.803327			 0.795009
0.819253			 0.810544			 0.821522
1.31806			 1.31782			 1.2789
0.623876			 0.609748			 0.59453
1.00632			 1.00561			 1.02816
1.58641			 1.58566			 1.55481
0.188856			 0.0490294			 0.166359
0.335908			 0.330229			 0.379674
0.206082			 0.214555			 0.190333
0.735251			 0.722051			 0.695794
2.75782			 2.76934			 2.77463
0.579364			 0.568164			 0.527632
3.80173			 3.80388			 3.82835
0.299962			 0.290809			 0.267065
5.72108			 5.72769			 5.75588
0.424492			 0.430712			 0.431342
0.875565			 0.86995			 0.874337
2.98182			 2.99231			 2.99554
0.335473			 0.329702			 0.378414
0.380843			 0.384228			 0.390374
3.67694			 3.68029			 3.73071
5.14925			 5.15242			 5.17371
0.735223			 0.722023			 0.682592
1.66628			 1.66611			 1.64317
0.529623			 0.524183			 0.479151
2.21914			 2.22725			 2.19495
0.816619			 0.80776			 0.827793
3.06477			 3.07461			 3.07942
1.37032			 1.36974			 1.32639
5.07298			 5.07554			 5.10085
2.05779			 2.06339			 2.04192
1.33518			 1.33483			 1.35578
1.26229			 1.26245			 1.23286
0.267671			 0.271432			 0.25913
0.650792			 0.635948			 0.644339
2.91037			 2.92132			 2.87986
0.40379			 0.40957			 0.442872
4.3875			 4.38691			 4.40348
1.07602			 1.07641			 1.09965
6.6987			 6.68916			 6.73777
0.259682			 0.27006			 0.25797
3.34201			 3.34905			 3.39566
0.391548			 0.396305			 0.368705
0.817183			 0.808356			 0.84948
0.334155			 0.328112			 0.300973
0.309305			 0.29989			 0.302536
3.97738			 3.97816			 4.00624
0.844685			 0.837415			 0.794134
0.190069			 0.0673649			 0.168539
3.97458			 3.97538			 3.97373
0.789408			 0.778995			 0.75804
3.27978			 3.2875			 3.30814
0.231569			 0.268272			 0.292903
0.580232			 0.568954			 0.620894
0.836613			 0.828892			 0.797746
2.37171			 2.38168			 2.37026
3.3521			 3.35902			 3.39572
0.310865			 0.301512			 0.276348
0.562084			 0.552619			 0.558052
0.193599			 0.113733			 0.254712
1.03331			 1.03314			 1.02034
3.40944			 3.41572			 3.46443
0.329298			 0.322302			 0.326178
0.800129			 0.790325			 0.780075
0.377236			 0.380063			 0.366586
2.21441			 2.22245			 2.24613
0.228402			 0.266694			 0.286522
0.246443			 0.269897			 0.257645
0.492781			 0.492544			 0.514148
0.285608			 0.27956			 0.259399
0.342791			 0.338602			 0.386038
0.475392			 0.477498			 0.462161
0.212352			 0.240119			 0.19007
5.54183			 5.54776			 5.55866
6.42352			 6.42336			 6.42075
0.216079			 0.250232			 0.188039
1.21534			 1.2158			 1.2572
0.39081			 0.395485			 0.386063
0.291957			 0.284074			 0.320181
2.04394			 2.04931			 2.00697
3.85163			 3.85335			 3.89554
2.14127			 2.14822			 2.16272
0.317181			 0.308338			 0.340915
2.46827			 2.47907			 2.45374
0.560707			 0.551394			 0.585806
0.666009			 0.651074			 0.663257
0.44337			 0.44876			 0.482812
6.30492			 6.3074			 6.24825
2.45149			 2.46216			 2.4945
1.29			 1.28997			 1.33174
6.24188			 6.24545			 6.21543
3.99703			 3.99768			 3.95295
1.22951			 1.22989			 1.18306
0.697002			 0.68247			 0.713477
3.38345			 3.39003			 3.43905
0.186623			 0.0116501			 0.223195
0.796094			 0.78606			 0.830715
6.69709			 6.68762			 6.67735
0.973179			 0.971589			 0.974137
0.81497			 0.806016			 0.787742
0.287131			 0.280571			 0.244233
3.28386			 3.29153			 3.2597
1.27363			 1.27372			 1.2992
1.07112			 1.07147			 1.06088
6.33087			 6.33283			 6.33791
4.1543			 4.15415			 4.15243
5.16586			 5.16915			 5.16441
1.56403			 1.56319			 1.58499
0.477705			 0.479514			 0.438129
5.48936			 5.49499			 5.44202
0.454359			 0.458836			 0.426928
0.290253			 0.282787			 0.304694
3.20114			 3.20969			 3.16883
6.17164			 6.17622			 6.12161
4.86822			 4.86933			 4.84002
0.802597			 0.792934			 0.769584
1.22683			 1.22722			 1.2552
0.744399			 0.731616			 0.698253
0.684241			 0.669456			 0.637477
0.300159			 0.290987			 0.309519
1.02415			 1.02381			 1.05732
1.42746			 1.42661			 1.43187
2.53899			 2.5502			 2.52817
1.51873			 1.51777			 1.47748
2.7904			 2.80185			 2.83475
1.90709			 1.91016			 1.87783
2.07947			 2.08543			 2.10864
0.349884			 0.347277			 0.395757
4.18616			 4.1859			 4.18209
1.1996			 1.20014			 1.1968
0.231226			 0.268135			 0.288531
4.24327			 4.24284			 4.20868
0.679966			 0.665123			 0.679094
5.94091			 5.94736			 5.95929
0.925603			 0.922312			 0.941944
2.06543			 2.07116			 2.02578
0.688175			 0.673456			 0.717098
3.78127			 3.78361			 3.77606
6.70567			 6.69582			 6.7176
1.04046			 1.0404			 0.986274
5.83699			 5.84369			 5.7881
1.03715			 1.03704			 1.07897
1.43925			 1.43836			 1.45216
2.95029			 2.96099			 2.93467
2.95175			 2.96244			 2.96514
2.56057			 2.57188			 2.60765
1.62395			 1.62343			 1.58388
4.34653			 4.34595			 4.3022
1.2011			 1.20164			 1.20103
1.76789			 1.76886			 1.80118
0.923241			 0.919852			 0.897092
1.31472			 1.3145			 1.35247
0.549762			 0.54172			 0.532373
1.34616			 1.34573			 1.3352
2.03909			 2.04437			 2.03729
0.302086			 0.292768			 0.324601
1.46665			 1.46569			 1.46704
0.235443			 0.269372			 0.292065
0.250631			 0.269792			 0.284965
4.30416			 4.30363			 4.27792
0.758645			 0.746564			 0.74687
0.556006			 0.547226			 0.531574
0.307246			 0.297791			 0.289308
2.13545			 2.14232			 2.16535
0.777799			 0.766738			 0.729258
0.545076			 0.537612			 0.502285
4.02922			 4.02967			 4.05635
1.03497			 1.03483			 1.05658
3.80694			 3.80904			 3.8066
5.42728			 5.43252			 5.42911
2.94009			 2.95086			 2.96917
0.246326			 0.2699			 0.297578
0.990972			 0.989884			 1.00436
1.18375			 1.18436			 1.20245
1.50908			 1.50811			 1.47995
0.673066			 0.658157			 0.669433
0.543866			 0.536554			 0.509511
0.501646			 0.500152			 0.476014
2.97346			 2.98401			 2.96755
2.82714			 2.83848			 2.79803
0.684268			 0.669484			 0.681311
4.08785			 4.088			 4.11059
0.200149			 0.176861			 0.249752
0.86863			 0.862654			 0.904136
0.307161			 0.297705			 0.282079
0.996499			 0.995553			 1.01165
0.408382			 0.414396			 0.381229
2.57671			 2.58808			 2.57227
4.3624			 4.36181			 4.40037
2.77931			 2.79079			 2.7961
5.66307			 5.66952			 5.70676
1.90394			 1.90696			 1.89523
0.903676			 0.899428			 0.901885
0.528262			 0.523008			 0.487395
3.65011			 3.65373			 3.63289
0.405343			 0.411211			 0.363925
1.94274			 1.94641			 1.99089
0.841251			 0.83379			 0.84275
0.419591			 0.425846			 0.386906
1.03282			 1.03264			 1.03455
5.44893			 5.45432			 5.46418
0.419036			 0.42529			 0.406397
0.75874			 0.746664			 0.781244
0.691385			 0.676728			 0.659887
0.330009			 0.323147			 0.34328
1.69838			 1.69852			 1.74637
1.36908			 1.36851			 1.33893
0.762217			 0.75032			 0.715336
0.484506			 0.485412			 0.519062
0.211621			 0.23774			 0.259305
0.559984			 0.550752			 0.507952
1.19297			 1.19354			 1.15595
1.11695			 1.11759			 1.1426
2.71066			 2.72224			 2.71827
0.27675			 0.274655			 0.279832
0.299306			 0.290217			 0.290116
0.881042			 0.875704			 0.825751
5.87439			 5.88103			 5.84899
2.87219			 2.88333			 2.91143
0.265297			 0.270889			 0.274416
0.572792			 0.562215			 0.597989
0.215237			 0.248221			 0.268735
1.86801			 1.87045			 1.90717
0.592182			 0.579908			 0.613006
6.2086			 6.21268			 6.15176
2.66565			 2.67722			 2.65104
1.63927			 1.63887			 1.64287
0.643231			 0.628513			 0.591574
6.29283			 6.29553			 6.25529
1.29387			 1.29381			 1.33948
1.08839			 1.08889			 1.06881
1.31392			 1.31372			 1.34442
0.66065			 0.645723			 0.620995
0.556295			 0.547481			 0.520193
0.214135			 0.245355			 0.217158
0.778222			 0.767185			 0.785017
6.67107			 6.6627			 6.68876
5.58275			 5.58889			 5.6157
0.290819			 0.283208			 0.277745
0.544206			 0.536851			 0.543694
0.524787			 0.520011			 0.473518
3.5241			 3.52909			 3.52141
1.23642			 1.23676			 1.20489
5.00986			 5.01195			 5.03741
1.1504			 1.15108			 1.13286
5.35557			 5.36031			 5.32751
3.62559			 3.62947			 3.67842
0.853003			 0.846191			 0.82585
0.935195			 0.932288			 0.937052
0.284864			 0.279084			 0.285226
3.43224			 3.43826			 3.40034
1.54425			 1.54334			 1.56266
0.573438			 0.562798			 0.559561
0.77681			 0.765695			 0.814656
1.38367			 1.38301			 1.43129
0.362593			 0.362723			 0.391787
0.232289			 0.268537			 0.21482
1.59012			 1.58939			 1.61555
1.13885			 1.13953			 1.10354
0.235876			 0.269451			 0.202426
0.247735			 0.269862			 0.23957
6.16118			 6.16589			 6.12543
0.307287			 0.297832			 0.265802
5.85564			 5.86231			 5.80675
0.611024			 0.597511			 0.603889
0.250692			 0.269791			 0.242938
6.82365			 6.80811			 6.82108
0.444179			 0.449512			 0.445758
0.774514			 0.763274			 0.76336
1.06119			 1.06142			 1.05305
0.371945			 0.373872			 0.410016
0.6887			 0.673991			 0.631505
5.44636			 5.45173			 5.42032
3.1553			 3.16431			 3.15166
0.348013			 0.344988			 0.322762
1.2301			 1.23048			 1.19061
0.447553			 0.452629			 0.474105
0.214355			 0.245951			 0.202896
3.93523			 3.9363			 3.90428
0.194417			 0.123122			 0.167342
0.804506			 0.794952			 0.772014
2.96579			 2.9764			 2.99829
1.83776			 1.83973			 1.81569
0.250415			 0.269796			 0.228806
0.789287			 0.778867			 0.746952
0.271053			 0.272417			 0.279496
2.17834			 2.18586			 2.20004
6.055			 6.06078			 6.05209
1.56187			 1.56102			 1.59611
1.11886			 1.1195			 1.15959
0.854441			 0.847708			 0.806133
1.41989			 1.41906			 1.40064
5.44183			 5.44716			 5.4074
0.190239			 0.0698283			 0.255213
4.13401			 4.13394			 4.1516
5.28981			 5.29406			 5.25639
1.06535			 1.06563			 1.08068
0.200331			 0.178264			 0.214873
1.25718			 1.25738			 1.23569
0.299548			 0.290435			 0.271869
0.856996			 0.850401			 0.874546
3.61498			 3.61898			 3.65121
1.26955			 1.26966			 1.2921
0.214398			 0.246065			 0.228364
3.1903			 3.19897			 3.24464
3.63948			 3.64322			 3.62432
1.00533			 1.0046			 0.998012
1.39964			 1.39891			 1.35169
0.800355			 0.790564			 0.767146
1.15943			 1.1601			 1.19229
2.98316			 2.99364			 3.03126
0.552383			 0.544027			 0.592444
0.296853			 0.288066			 0.33777
0.590995			 0.578813			 0.534786
3.9173			 3.9185			 3.87489
0.650361			 0.635523			 0.597197
0.279967			 0.27624			 0.265129
0.23845			 0.269783			 0.28083
0.347489			 0.344347			 0.390814
0.208672			 0.226617			 0.252852
1.30929			 1.30912			 1.31696
1.23939			 1.2397			 1.24328
0.215803			 0.249588			 0.274262
1.30544			 1.30529			 1.29979
0.312674			 0.303427			 0.294323
0.406031			 0.411935			 0.390547
5.94314			 5.94958			 5.96687
0.578667			 0.567531			 0.587432
0.274129			 0.273535			 0.255188
2.93821			 2.949			 2.92946
0.493512			 0.493172			 0.453456
0.935578			 0.932686			 0.90438
0.266654			 0.271184			 0.297125
6.33948			 6.34126			 6.31181
0.822323			 0.81379			 0.849299
0.975393			 0.97387			 0.930651
1.12439			 1.12505			 1.09137
3.74096			 3.74368			 3.78649
0.40642			 0.412344			 0.440145
5.91512			 5.92166			 5.89968
4.26268			 4.26222			 4.26538
0.577167			 0.56617			 0.589458
0.286629			 0.280233			 0.332726
4.02333			 4.02382			 3.98353
0.276167			 0.274393			 0.259564
1.86178			 1.86412			 1.8683
3.45462			 3.46039			 3.4142
0.32125			 0.312919			 0.31105
0.433115			 0.439085			 0.447967
0.360412			 0.360092			 0.363861
1.53581			 1.53488			 1.50763
0.905903			 0.901757			 0.878979
2.1178			 2.12438			 2.07892
4.27621			 4.27572			 4.26769
0.475466			 0.477563			 0.455967
1.58527			 1.58452			 1.56182
0.2487			 0.269836			 0.221245
0.232355			 0.268559			 0.257462
1.08141			 1.08185			 1.07442
3.26266			 3.27056			 3.23973
0.510005			 0.507316			 0.501062
5.48136			 5.48695			 5.47902
0.746188			 0.733489			 0.784644
0.332039			 0.32557			 0.286675
0.726267			 0.71269			 0.678313
1.24023			 1.24054			 1.19566
0.731474			 0.718112			 0.755053
2.33491			 2.34449			 2.32608
1.30221			 1.30208			 1.29013
6.37194			 6.37301			 6.38289
5.69103			 5.69757			 5.65302
0.462942			 0.466536			 0.504638
0.226469			 0.265339			 0.243965
0.859541			 0.853084			 0.813586
3.36659			 3.37335			 3.38874
0.367561			 0.368676			 0.367242
0.250692			 0.269791			 0.290198
0.205717			 0.212666			 0.217329
0.315125			 0.306074			 0.328976
0.878214			 0.872734			 0.854939
1.01899			 1.01855			 1.05863
1.39625			 1.39553			 1.43874
0.313048			 0.303828			 0.356338
2.24321			 2.25165			 2.27818
0.757932			 0.745814			 0.794344
2.20727			 2.21521			 2.24469
0.272279			 0.272837			 0.273049
2.11325			 2.11976			 2.1125
0.40645			 0.412376			 0.389684
0.398898			 0.40434			 0.422654
0.498372			 0.497345			 0.515266
0.245188			 0.269927			 0.294047
2.35669			 2.36651			 2.32315
5.10029			 5.10307			 5.06208
4.80588			 4.8066			 4.82471
3.70326			 3.70635			 3.72788
2.0063			 2.01104			 2.04467
0.429997			 0.436085			 0.398641
2.60486			 2.61632			 2.60524
3.57869			 3.58308			 3.58252
4.26249			 4.26202			 4.23823
0.52088			 0.516649			 0.501764
5.98462			 5.99087			 6.02025
0.24938			 0.269819			 0.213026
2.03569			 2.04092			 2.02828
0.396465			 0.401703			 0.442211
0.338385			 0.333233			 0.333372
2.99839			 3.00876			 2.96842
0.844113			 0.836812			 0.880105
0.393428			 0.39838			 0.365264
1.62821			 1.62772			 1.61597
0.308891			 0.299464			 0.304123
1.21088			 1.21137			 1.2265
1.44802			 1.44711			 1.436
2.74303			 2.75458			 2.75076
2.47446			 2.48529			 2.48036
0.403226			 0.408972			 0.423691
0.626721			 0.612481			 0.611938
2.37501			 2.38501			 2.41596
1.64703			 1.64669			 1.63073
0.854118			 0.847367			 0.871533
1.07752			 1.07792			 1.12041
4.35042			 4.34984			 4.30774
0.276298			 0.274451			 0.288578
5.79942			 5.80612			 5.76754
4.76327			 4.76375			 4.77711
0.337889			 0.332629			 0.374217
0.334346			 0.328343			 0.3154
1.21625			 1.21671			 1.24416
2.4419			 2.4525			 2.41176
2.8218			 2.83315			 2.83337
0.448475			 0.453475			 0.472434
0.873994			 0.868297			 0.848995
0.604262			 0.591147			 0.604333
4.06916			 4.0694			 4.05521
0.612251			 0.598671			 0.580656
0.316911			 0.308038			 0.303512
0.676583			 0.661703			 0.630445
0.594299			 0.581866			 0.630598
0.476092			 0.478109			 0.510402
1.8221			 1.82384			 1.84781
1.2741			 1.27418			 1.2526
1.94893			 1.95269			 1.97244
0.549127			 0.541162			 0.503166
0.418824			 0.425077			 0.378273
0.969339			 0.967631			 0.938301
3.34477			 3.35178			 3.37724
4.31938			 4.31883			 4.34713
0.556239			 0.547432			 0.518691
0.219193			 0.256478			 0.225826
0.333847			 0.327742			 0.357323
0.235123			 0.269309			 0.234052
0.262373			 0.270381			 0.222817
3.91403			 3.91525			 3.92665
1.2508			 1.25104			 1.2266
2.95282			 2.96351			 2.9576
0.201336			 0.185683			 0.244534
4.25216			 4.25172			 4.23572
1.64895			 1.64862			 1.70016
5.94578			 5.95221			 5.95143
0.39532			 0.400454			 0.378139
2.21335			 2.22138			 2.23826
2.80348			 2.81489			 2.85138
0.542645			 0.535488			 0.515903
0.761153			 0.749201			 0.7079
0.305478			 0.29603			 0.341619
1.77796			 1.77907			 1.78048
0.600051			 0.58721			 0.617228
0.292864			 0.284782			 0.269458
0.364449			 0.364955			 0.340407
1.65442			 1.65414			 1.70492
6.72528			 6.71456			 6.73477
0.48856			 0.488911			 0.519212
4.32235			 4.32179			 4.29668
0.208462			 0.225721			 0.204587
0.337101			 0.331674			 0.310902
0.36092			 0.360706			 0.400692
2.08208			 2.08808			 2.04588
2.10885			 2.11529			 2.11799
2.33096			 2.34049			 2.3306
1.12153			 1.12218			 1.13042
2.27914			 2.28806			 2.31427
0.211962			 0.238868			 0.2176
2.81298			 2.82437			 2.85332
0.302112			 0.292793			 0.270116
0.763137			 0.751289			 0.7476
0.728295			 0.714801			 0.744985
2.41673			 2.42712			 2.38379
2.95656			 2.96723			 2.96972
0.342228			 0.337915			 0.325068
1.79936			 1.80077			 1.75831
0.349511			 0.34682			 0.341979
1.60268			 1.60202			 1.64431
1.12956			 1.13023			 1.14228
0.48815			 0.488558			 0.501553
3.0298			 3.03993			 3.06445
1.02915			 1.02891			 0.983336
0.44784			 0.452892			 0.421608
4.74063			 4.74099			 4.78748
1.05501			 1.05517			 1.09318
1.17035			 1.171			 1.19004
1.11488			 1.11551			 1.08357
2.98699			 2.99744			 2.96154
0.33699			 0.331539			 0.361601
2.40243			 2.41269			 2.43043
0.565026			 0.555244			 0.575139
0.338884			 0.333838			 0.291009
0.447294			 0.45239			 0.415142
0.588969			 0.576947			 0.630192
0.879963			 0.874571			 0.854751
0.923221			 0.91983			 0.951468
0.222816			 0.261741			 0.188288
0.271252			 0.272483			 0.250585
4.22961			 4.22922			 4.23258
3.58469			 3.58901			 3.57422
2.12615			 2.13286			 2.136
0.227828			 0.266326			 0.209129
1.04525			 1.04527			 1.00912
0.904241			 0.900019			 0.923549
2.63999			 2.65153			 2.65613
0.345356			 0.341737			 0.328671
0.385667			 0.389723			 0.373292
1.62591			 1.62541			 1.62499
1.39114			 1.39044			 1.40511
2.60331			 2.61477			 2.61195
0.312448			 0.303186			 0.362935
2.29735			 2.3065			 2.32607
0.257416			 0.269889			 0.268992
0.530065			 0.524564			 0.522153
2.37728			 2.38731			 2.38116
5.65486			 5.66129			 5.62189
0.94149			 0.938824			 0.924266
0.534236			 0.528174			 0.484608
0.636187			 0.621638			 0.645161
3.45947			 3.46519			 3.4392
0.742869			 0.730015			 0.746138
4.03271			 4.03315			 4.04868
1.22231			 1.22273			 1.19746
3.41683			 3.42303			 3.40082
5.56344			 5.56948			 5.57327
1.49969			 1.49872			 1.46135
0.414741			 0.420947			 0.447939
0.219563			 0.257106			 0.190017
5.05283			 5.05525			 5.06592
0.328423			 0.321265			 0.28743
5.57158			 5.57766			 5.56982
1.77291			 1.77396			 1.791
0.20354			 0.200288			 0.216397
0.990009			 0.988896			 1.01923
0.874941			 0.869293			 0.845067
2.13813			 2.14503			 2.12905
0.384625			 0.388544			 0.336887
0.211861			 0.238538			 0.212384
0.237575			 0.269695			 0.231899
0.437452			 0.443212			 0.386864
0.412948			 0.419115			 0.36564
1.84749			 1.84962			 1.85136
2.12127			 2.1279			 2.14718
4.52908			 4.52865			 4.55927
0.505971			 0.503859			 0.467501
0.360721			 0.360465			 0.395413
5.98527			 5.99152			 5.95716
0.514736			 0.511373			 0.511527
0.330487			 0.323715			 0.347583
0.758328			 0.746231			 0.710846
0.292927			 0.284832			 0.336158
1.41749			 1.41668			 1.37683
3.79496			 3.79718			 3.75273
0.354567			 0.352994			 0.359154
4.48736			 4.48685			 4.43991
2.92559			 2.93645			 2.97159
1.27422			 1.2743			 1.26763
6.48993			 6.48794			 6.49308
1.03397			 1.03381			 1.02476
0.204999			 0.208792			 0.19702
0.479902			 0.481424			 0.471288
0.40813			 0.414133			 0.399037
1.1035			 1.10408			 1.14714
0.514615			 0.511268			 0.488463
0.499595			 0.498394			 0.534088
0.210361			 0.233297			 0.229584
0.319088			 0.310469			 0.341895
0.619058			 0.605139			 0.605888
2.05082			 2.0563			 2.0563
0.195736			 0.137292			 0.186164
4.18396			 4.18371			 4.22354
0.357308			 0.35633			 0.339659
1.91653			 1.91976			 1.91699
3.38874			 3.39525			 3.35379
2.91065			 2.9216			 2.87398
3.38619			 3.39273			 3.44023
0.547751			 0.539955			 0.57234
5.86164			 5.86831			 5.84068
1.54013			 1.53921			 1.5472
1.7825			 1.78367			 1.75517
5.11836			 5.12128			 5.07651
0.560559			 0.551263			 0.510295
0.765482			 0.753758			 0.769219
1.91644			 1.91966			 1.96583
3.15352			 3.16255			 3.20785
0.404106			 0.409905			 0.356912
0.465003			 0.468365			 0.463292
0.742539			 0.729669			 0.746095
0.591159			 0.578964			 0.575418
0.393657			 0.398632			 0.378473
0.255982			 0.269822			 0.236549
0.342739			 0.338538			 0.381342
0.321098			 0.312746			 0.326431
0.397114			 0.402408			 0.371329
0.473285			 0.475657			 0.491223
5.9943			 6.00049			 5.99508
0.411861			 0.418			 0.398689
4.82384			 4.82466			 4.86953
0.37668			 0.379416			 0.420442
3.64847			 3.65212			 3.68555
0.200705			 0.181087			 0.250746
3.14498			 3.15409			 3.19138
0.262182			 0.270354			 0.230459
0.235328			 0.26935			 0.275314
1.66688			 1.66671			 1.64411
0.474894			 0.477063			 0.519229
5.39			 5.39499			 5.35062
1.29059			 1.29055			 1.26961
1.42963			 1.42877			 1.45978
0.313456			 0.304265			 0.321504
0.702314			 0.687919			 0.704502
0.806845			 0.797426			 0.77929
4.52464			 4.5242			 4.49663
0.614533			 0.600834			 0.626533
1.8538			 1.85602			 1.85196
5.70648			 5.71306			 5.70389
1.82694			 1.82875			 1.84278
1.02178			 1.0214			 1.01187
3.33234			 3.33948			 3.37896
2.56242			 2.57374			 2.53013
2.12665			 2.13337			 2.16888
1.95672			 1.96062			 1.99427
1.09252			 1.09304			 1.06641
4.18472			 4.18446			 4.21691
1.09985			 1.10042			 1.05652
0.615986			 0.602213			 0.595168
1.63101			 1.63054			 1.64044
1.29097			 1.29093			 1.30235
1.25742			 1.25761			 1.29995
2.20122			 2.20907			 2.2445
0.374689			 0.377094			 0.399045
1.633			 1.63255			 1.632
0.625669			 0.61147			 0.646863
1.646			 1.64565			 1.66828
2.66843			 2.68			 2.72504
0.260693			 0.270165			 0.310769
0.250228			 0.2698			 0.236187
0.794752			 0.784641			 0.764436
1.28599			 1.28598			 1.27487
0.328605			 0.32148			 0.350188
3.43089			 3.43693			 3.47761
0.677847			 0.66298			 0.690208
2.72651			 2.73808			 2.76125
0.605877			 0.592662			 0.587755
0.451412			 0.456161			 0.473044
0.364859			 0.365446			 0.412677
5.51652			 5.52231			 5.49844
6.79332			 6.77935			 6.82563
2.31787			 2.32726			 2.31182
1.57576			 1.57496			 1.54524
0.648293			 0.633485			 0.59335
0.237264			 0.269657			 0.232519
0.288182			 0.281295			 0.314274
2.80937			 2.82076			 2.78195
1.58839			 1.58765			 1.60196
0.249245			 0.269822			 0.292766
2.1258			 2.13251			 2.15089
0.258996			 0.269999			 0.230684
1.28114			 1.28117			 1.30691
1.28175			 1.28177			 1.24164
1.96384			 1.96785			 1.95024
0.388754			 0.393195			 0.430452
1.50686			 1.50589			 1.46317
2.15622			 2.1634			 2.16381
0.407425			 0.413397			 0.433662
3.76568			 3.76816			 3.7861
0.778319			 0.767288			 0.791302
0.209912			 0.231606			 0.24311
0.241349			 0.269937			 0.29501
1.70889			 1.70915			 1.75897
0.664062			 0.649127			 0.680347
0.573043			 0.562441			 0.577428
0.911797			 0.907916			 0.905519
2.85739			 2.86861			 2.85261
3.27586			 3.28362			 3.23727
1.97347			 1.97765			 1.93391
0.5489			 0.540964			 0.498997
4.70084			 4.70101			 4.66184
2.22211			 2.23026			 2.21177
0.272965			 0.273087			 0.233562
0.72508			 0.711456			 0.722077
0.357944			 0.357102			 0.388438
1.42944			 1.42858			 1.39437
4.58285			 4.58257			 4.55083
1.40995			 1.40917			 1.4211
0.603837			 0.590748			 0.638394
3.76249			 3.765			 3.75858
0.628576			 0.614269			 0.612937
1.65439			 1.65411			 1.69215
0.916449			 0.912771			 0.906658
2.13501			 2.14186			 2.10899
6.43318			 6.43276			 6.46055
3.10043			 3.10995			 3.0987
0.491807			 0.491706			 0.450069
3.72132			 3.72423			 3.70568
3.59997			 3.60412			 3.639
0.662113			 0.647181			 0.649905
0.290077			 0.282656			 0.301083
0.575932			 0.565051			 0.579097
0.462973			 0.466563			 0.427413
2.91346			 2.92439			 2.88579
1.11857			 1.11921			 1.12735
2.8912			 2.90225			 2.87754
0.311248			 0.301915			 0.356167
5.49935			 5.50504			 5.48599
2.06064			 2.06629			 2.02366
0.860112			 0.853685			 0.843199
4.30002			 4.29949			 4.28329
0.230111			 0.267635			 0.20328
2.609			 2.62047			 2.57037
4.4564			 4.45584			 4.40881
0.474495			 0.476715			 0.457298
4.30628			 4.30574			 4.2621
1.29761			 1.29752			 1.27007
0.634194			 0.619703			 0.657948
0.249217			 0.269823			 0.24368
1.34296			 1.34256			 1.30048
2.01838			 2.02332			 1.97575
0.84944			 0.842433			 0.830767
1.30011			 1.3			 1.29169
1.66947			 1.66932			 1.64487
0.300289			 0.291106			 0.314137
0.766938			 0.75529			 0.800302
0.328781			 0.321689			 0.367015
0.341213			 0.336676			 0.326815
0.264976			 0.270824			 0.317673
0.440124			 0.445728			 0.44556
1.30111			 1.30099			 1.29113
0.31359			 0.30441			 0.278734
0.228513			 0.266763			 0.229266
0.517009			 0.513323			 0.547725
0.190449			 0.0728431			 0.211898
6.43783			 6.4373			 6.4281
0.302427			 0.293089			 0.335875
0.466024			 0.469269			 0.446523
1.03845			 1.03837			 1.06099
0.535609			 0.529365			 0.524319
0.443502			 0.448883			 0.397345
6.7493			 6.73747			 6.77911
0.199091			 0.168389			 0.168277
0.245144			 0.269928			 0.290131
0.926897			 0.923659			 0.904797
0.340609			 0.33594			 0.337446
2.79177			 2.80322			 2.77966
0.289672			 0.28236			 0.321662
2.37257			 2.38255			 2.38309
1.91305			 1.91622			 1.93907
0.187078			 0.0196654			 0.232615
0.209953			 0.231762			 0.231937
2.30707			 2.31632			 2.2716
5.45717			 5.4626			 5.43141
0.463478			 0.467012			 0.495788
2.4154			 2.42578			 2.43925
1.15316			 1.15384			 1.12604
4.27354			 4.27305			 4.30263
6.43504			 6.43458			 6.43048
2.53385			 2.54504			 2.57515
2.84679			 2.85805			 2.89495
0.679007			 0.664152			 0.663323
2.64826			 2.65981			 2.6088
0.61125			 0.597724			 0.626852
4.21024			 4.2099			 4.22483
0.545247			 0.537761			 0.543266
0.539205			 0.532489			 0.56265
2.13299			 2.13981			 2.13211
1.61717			 1.61661			 1.60348
1.90819			 1.91128			 1.93273
2.85188			 2.86311			 2.88116
0.825673			 0.817331			 0.854805
2.43678			 2.44733			 2.48478
2.09248			 2.09865			 2.06202
5.67556			 5.68206			 5.6543
1.14681			 1.14749			 1.15022
0.695195			 0.680621			 0.698435
2.80673			 2.81813			 2.86022
0.31779			 0.309015			 0.289954
0.709533			 0.695353			 0.732869
0.577233			 0.56623			 0.578134
5.88635			 5.89297			 5.88489
0.392864			 0.397759			 0.383417
0.241119			 0.269931			 0.291189
0.519699			 0.515634			 0.492732
2.82466			 2.83601			 2.79496
3.35778			 3.36464			 3.35387
0.528075			 0.522846			 0.522183
1.0479			 1.04796			 1.07441
0.417146			 0.423387			 0.391658
1.1028			 1.10339			 1.1322
0.508948			 0.50641			 0.530958
0.82339			 0.814918			 0.815151
0.617156			 0.603326			 0.567632
0.257271			 0.26988			 0.296902
0.221569			 0.260144			 0.273219
1.75482			 1.75562			 1.7443
2.13035			 2.13713			 2.12127
0.360624			 0.360348			 0.366098
0.537279			 0.530815			 0.482542
0.279442			 0.275965			 0.298467
0.234607			 0.269197			 0.278912
0.188594			 0.0448988			 0.160211
0.698502			 0.684007			 0.700604
0.333702			 0.327567			 0.316933
0.193661			 0.114461			 0.239566
1.03525			 1.03511			 1.07681
3.34562			 3.35261			 3.36984
1.14304			 1.14372			 1.10456
0.193378			 0.111118			 0.171637
0.682844			 0.668039			 0.689134
0.296925			 0.288128			 0.333292
2.78403			 2.7955			 2.80795
0.280874			 0.276728			 0.258125
2.32792			 2.33742			 2.33778
3.88968			 3.8911			 3.93252
0.211637			 0.237794			 0.204743
4.79928			 4.79996			 4.82724
1.06303			 1.06328			 1.06926
2.02696			 2.03204			 2.00636
2.4626			 2.47336			 2.49848
0.190564			 0.0744792			 0.206714
1.1906			 1.19119			 1.20126
2.20534			 2.21326			 2.25079
0.219448			 0.256913			 0.258685
0.386692			 0.39088			 0.397441
1.92449			 1.92785			 1.94976
0.944039			 0.941468			 0.938798
0.281744			 0.277212			 0.301292
0.578837			 0.567686			 0.530332
3.62919			 3.63304			 3.62071
3.09801			 3.10756			 3.08364
0.202088			 0.19092			 0.196344
0.608812			 0.595423			 0.579918
0.530476			 0.52492			 0.550197
1.82326			 1.82501			 1.78307
0.219783			 0.25747			 0.182816
3.18769			 3.19638			 3.2329
0.781273			 0.770404			 0.736853
3.22094			 3.22928			 3.25967
2.73939			 2.75094			 2.7268
0.651869			 0.637012			 0.61715
0.802981			 0.79334			 0.838797
0.274735			 0.27378			 0.255666
0.641493			 0.626813			 0.594577
0.579473			 0.568263			 0.564073
0.256121			 0.269827			 0.232642
6.38055			 6.38143			 6.35263
0.726553			 0.712987			 0.731754
3.73931			 3.74204			 3.74502
2.10797			 2.11439			 2.10573
0.735089			 0.721882			 0.723776
0.293591			 0.28536			 0.286742
2.68962			 2.7012			 2.72518
2.70475			 2.71633			 2.7346
0.314325			 0.305204			 0.335218
0.206496			 0.21664			 0.214373
3.42542			 3.43152			 3.46729
1.1684			 1.16905			 1.19618
0.213209			 0.242733			 0.257413
0.509659			 0.507019			 0.485711
0.346493			 0.343128			 0.346027
0.331787			 0.325268			 0.374456
0.912254			 0.908392			 0.950709
3.56597			 3.5705			 3.53812
4.50331			 4.50283			 4.48142
1.6172			 1.61663			 1.63102
0.363739			 0.364103			 0.411014
3.82206			 3.82404			 3.83231
2.64006			 2.6516			 2.69508
0.337296			 0.33191			 0.325266
1.0748			 1.07517			 1.04857
0.69839			 0.683892			 0.660839
1.63384			 1.63339			 1.63587
6.32085			 6.32302			 6.2851
1.92081			 1.92411			 1.90395
2.52878			 2.53994			 2.58095
5.43381			 5.43909			 5.43202
0.351265			 0.348964			 0.385889
0.724223			 0.710565			 0.703134
0.656174			 0.641274			 0.648885
0.409718			 0.415785			 0.44453
0.796421			 0.786406			 0.80112
0.488619			 0.488962			 0.471339
0.28413			 0.278625			 0.268105
1.89987			 1.90283			 1.89074
0.286255			 0.279984			 0.29386
1.31728			 1.31704			 1.32591
0.257996			 0.269924			 0.291783
5.30946			 5.31386			 5.31044
0.314681			 0.305591			 0.279125
1.54423			 1.54332			 1.53238
2.52869			 2.53985			 2.57565
1.14823			 1.14891			 1.12771
0.521169			 0.516897			 0.481113
2.68315			 2.69473			 2.73477
1.35975			 1.35923			 1.32471
0.478445			 0.480158			 0.448256
0.192871			 0.104971			 0.251776
1.58796			 1.58722			 1.58983
3.27589			 3.28365			 3.25093
0.2487			 0.269836			 0.224162
1.44898			 1.44807			 1.40862
2.63993			 2.65147			 2.67247
1.39533			 1.39462			 1.41916
0.221111			 0.259502			 0.200405
0.880853			 0.875506			 0.896313
1.56964			 1.56881			 1.59316
1.103			 1.10358			 1.08578
0.190104			 0.0678794			 0.221183
0.279421			 0.275955			 0.300124
1.07115			 1.07149			 1.03599
0.658762			 0.643845			 0.630166
4.25097			 4.25053			 4.21183
0.305296			 0.295851			 0.297381
0.365364			 0.366051			 0.401219
1.57611			 1.57532			 1.5814
2.32021			 2.32962			 2.35014
4.35162			 4.35104			 4.36086
0.662578			 0.647645			 0.622759
1.69698			 1.69711			 1.71468
1.22676			 1.22716			 1.26064
0.242406			 0.269952			 0.264649
2.73723			 2.74879			 2.72961
0.237563			 0.269693			 0.255229
0.82266			 0.814147			 0.778879
2.01638			 2.02128			 1.99876
0.226688			 0.26551			 0.265883
0.214687			 0.246826			 0.211947
0.269726			 0.272			 0.310132
0.725849			 0.712255			 0.738942
1.03402			 1.03386			 1.04949
2.14079			 2.14773			 2.11265
4.79135			 4.79199			 4.76568
4.12242			 4.1224			 4.0954
3.24052			 3.24866			 3.24826
1.71046			 1.71073			 1.68724
0.573961			 0.56327			 0.596022
0.422062			 0.42831			 0.414475
0.729683			 0.716245			 0.711403
0.939917			 0.937192			 0.915272
2.51318			 2.52426			 2.50703
0.33294			 0.326651			 0.334644
1.13372			 1.1344			 1.17471
1.06846			 1.06878			 1.02218
0.212736			 0.241313			 0.263724
4.72503			 4.72532			 4.76279
0.345663			 0.342113			 0.296856
0.671335			 0.656416			 0.676058
1.28951			 1.28948			 1.3002
0.194214			 0.120844			 0.231294
0.52206			 0.517664			 0.472653
0.282663			 0.277743			 0.272935
0.212933			 0.24191			 0.205611
2.23134			 2.23962			 2.23225
0.815869			 0.806966			 0.798349
5.941			 5.94745			 5.959
0.358928			 0.358295			 0.378429
0.363971			 0.364381			 0.38586
4.78141			 4.78199			 4.75516
1.62477			 1.62426			 1.60517
0.301504			 0.292225			 0.287866
2.06018			 2.06582			 2.05293
4.91718			 4.91861			 4.87301
0.478561			 0.480259			 0.454743
1.51052			 1.50955			 1.49263
1.59352			 1.59281			 1.55464
1.00403			 1.00327			 1.03858
0.252944			 0.269769			 0.263628
6.02334			 6.02935			 6.05205
2.68978			 2.70136			 2.74657
5.93971			 5.94616			 5.94128
5.59548			 5.60168			 5.58677
4.27727			 4.27677			 4.23525
0.236803			 0.269596			 0.226781
0.441212			 0.446747			 0.440143
3.83243			 3.83431			 3.83735
0.83582			 0.828054			 0.865374
2.82482			 2.83616			 2.88095
1.42164			 1.42081			 1.3822
2.23672			 2.24508			 2.27266
3.15315			 3.16218			 3.16028
0.653337			 0.638463			 0.627609
1.01283			 1.01227			 1.04256
0.258446			 0.269956			 0.251683
0.338144			 0.332939			 0.323696
1.0383			 1.03821			 1.01995
0.670985			 0.656064			 0.70849
0.66735			 0.652416			 0.705774
5.49099			 5.49663			 5.47768
0.633236			 0.618773			 0.591963
0.754956			 0.742688			 0.756956
0.778867			 0.767866			 0.725095
2.12334			 2.13001			 2.17772
0.367137			 0.368171			 0.388788
3.57453			 3.57897			 3.61556
0.311986			 0.302695			 0.290405
0.571774			 0.561297			 0.582499
0.598976			 0.586208			 0.575989
0.402507			 0.408207			 0.355502
0.315491			 0.306474			 0.304529
0.289629			 0.282329			 0.28569
0.208882			 0.227493			 0.212267
0.302611			 0.293262			 0.307372
0.306372			 0.296915			 0.352608
1.32604			 1.32575			 1.33559
2.81466			 2.82604			 2.77304
3.81769			 3.8197			 3.82825
3.11021			 3.11964			 3.10922
0.279059			 0.275769			 0.29848
0.218202			 0.254682			 0.206767
2.86348			 2.87467			 2.89103
0.292406			 0.284423			 0.266764
2.99548			 3.00588			 2.96708
2.40493			 2.41522			 2.40824
2.78679			 2.79825			 2.76869
1.29357			 1.29351			 1.27944
1.1398			 1.14048			 1.18253
0.230521			 0.267828			 0.201031
3.26638			 3.27424			 3.29471
0.294428			 0.286036			 0.335064
0.980302			 0.978922			 1.00368
0.258015			 0.269926			 0.300642
1.14019			 1.14087			 1.12027
1.97181			 1.97597			 2.01316
1.94086			 1.94449			 1.99441
1.20925			 1.20974			 1.18635
0.24364			 0.26995			 0.234045
0.356158			 0.354932			 0.309918
0.48893			 0.48923			 0.466709
0.426906			 0.43308			 0.47094
0.328522			 0.321382			 0.375436
0.929174			 0.926028			 0.904831
0.342747			 0.338548			 0.336203
0.402007			 0.407675			 0.417422
3.89986			 3.90119			 3.88922
4.86253			 4.86359			 4.90195
1.8703			 1.87278			 1.91843
0.203619			 0.200774			 0.198461
1.78844			 1.7897			 1.79388
0.304907			 0.29547			 0.315287
5.01814			 5.0203			 4.98824
5.15579			 5.15901			 5.11527
0.194527			 0.124351			 0.251264
4.51466			 4.5142			 4.50464
0.488378			 0.488754			 0.461566
0.391521			 0.396274			 0.428454
0.860188			 0.853766			 0.897926
4.58028			 4.57998			 4.61151
3.12174			 3.13107			 3.08978
0.506376			 0.504206			 0.454432
2.16398			 2.17128			 2.1645
0.993705			 0.992688			 1.036
0.746942			 0.73428			 0.74889
3.30714			 3.31456			 3.31408
4.65425			 4.65422			 4.64328
0.25757			 0.269898			 0.309787
0.756712			 0.744533			 0.720459
0.469968			 0.472747			 0.509868
2.98738			 2.99783			 2.96644
2.60105			 2.6125			 2.65605
4.65975			 4.65974			 4.68727
1.11701			 1.11765			 1.14226
2.89121			 2.90227			 2.8508
0.554038			 0.545486			 0.588263
0.982673			 0.98136			 0.998632
1.36392			 1.36338			 1.38563
0.239492			 0.26986			 0.227941
0.294454			 0.286058			 0.302167
3.27951			 3.28723			 3.27588
0.280115			 0.276318			 0.330072
3.17233			 3.18118			 3.17745
1.85846			 1.86076			 1.8828
0.29221			 0.28427			 0.336936
3.54559			 3.55034			 3.53606
1.51523			 1.51426			 1.54104
3.07663			 3.08637			 3.1072
0.683399			 0.668602			 0.68303
0.266635			 0.27118			 0.250468
1.71179			 1.71208			 1.66883
0.437049			 0.442831			 0.459508
4.72843			 4.72873			 4.7331
0.933616			 0.930647			 0.929331
0.826872			 0.818599			 0.84155
5.66209			 5.66855			 5.63067
0.603574			 0.590502			 0.633008
2.62001			 2.63151			 2.58966
0.937644			 0.934832			 0.931482
1.43985			 1.43896			 1.4521
1.38395			 1.38329			 1.35794
0.886754			 0.8817			 0.867168
0.360377			 0.36005			 0.351184
0.251765			 0.269775			 0.290242
1.46819			 1.46724			 1.47597
0.189536			 0.059465			 0.193684
0.293902			 0.28561			 0.295375
6.41686			 6.41686			 6.38351
1.73177			 1.73229			 1.73955
2.50354			 2.51456			 2.48659
3.64552			 3.6492			 3.65421
4.63899			 4.63889			 4.61498
1.15224			 1.15292			 1.17445
0.351249			 0.348945			 0.353631
1.31603			 1.31581			 1.31148
0.371581			 0.373442			 0.370817
1.52335			 1.5224			 1.53398
0.227628			 0.266192			 0.201255
0.463033			 0.466617			 0.417212
0.500601			 0.499257			 0.461497
0.742332			 0.729452			 0.774746
3.20837			 3.21685			 3.23767
1.07951			 1.07994			 1.05233
0.985437			 0.9842			 1.02749
6.68705			 6.67801			 6.67635
0.441047			 0.446593			 0.415238
0.958175			 0.956105			 0.985964
0.414126			 0.420321			 0.373312
1.46707			 1.46611			 1.46929
2.76529			 2.7768			 2.79189
4.29581			 4.29528			 4.32284
0.220583			 0.258727			 0.277835
1.23103			 1.2314			 1.25638
0.470625			 0.473325			 0.487524
0.7066			 0.692329			 0.676698
0.692285			 0.677647			 0.692887
0.234197			 0.2691			 0.260657
1.41509			 1.41429			 1.46495
0.703318			 0.688952			 0.667803
3.09234			 3.10194			 3.09494
0.862597			 0.856303			 0.883294
0.656064			 0.641164			 0.615377
0.336588			 0.331052			 0.383765
0.78072			 0.769822			 0.791273
0.262065			 0.270337			 0.288579
2.59452			 2.60595			 2.5671
2.59236			 2.60379			 2.55453
2.3121			 2.32142			 2.27611
2.02685			 2.03193			 2.06293
0.805174			 0.795658			 0.750099
0.748011			 0.735401			 0.777483
0.904693			 0.900492			 0.86664
0.195706			 0.136986			 0.215936
0.871401			 0.865571			 0.876821
0.590801			 0.578634			 0.548254
1.57074			 1.56992			 1.61842
1.86247			 1.86482			 1.91461
1.27216			 1.27225			 1.30544
0.275303			 0.274018			 0.234235
0.278646			 0.275562			 0.261679
2.80755			 2.81895			 2.78519
2.80219			 2.81361			 2.84679
1.14026			 1.14095			 1.09592
3.09642			 3.10598			 3.09905
0.603164			 0.590118			 0.55036
0.832244			 0.824276			 0.818862
1.36402			 1.36348			 1.31806
0.805753			 0.796271			 0.825484
0.705151			 0.690837			 0.714381
0.289143			 0.281977			 0.278307
0.809773			 0.800521			 0.775161
2.06131			 2.06697			 2.09818
1.26786			 1.26799			 1.30512
0.593748			 0.581355			 0.562196
0.546984			 0.539283			 0.502918
2.05061			 2.05609			 2.05855
5.63259			 5.63894			 5.6152
1.70012			 1.70028			 1.67033
0.267905			 0.271492			 0.303573
1.03433			 1.03418			 1.02294
0.539998			 0.53318			 0.571888
0.434174			 0.440098			 0.453809
0.337795			 0.332516			 0.32318
0.189322			 0.0562229			 0.227716
0.507258			 0.504961			 0.523662
0.578901			 0.567743			 0.587314
0.305319			 0.295874			 0.318048
1.95063			 1.95442			 1.97519
3.63462			 3.63841			 3.67718
0.667347			 0.652414			 0.617413
1.8879			 1.89066			 1.89314
1.0752			 1.07558			 1.0343
1.93275			 1.93625			 1.97858
0.233364			 0.268877			 0.249979
0.796656			 0.786654			 0.769964
1.31671			 1.31648			 1.27153
2.60197			 2.61343			 2.63186
1.71276			 1.71305			 1.72687
0.208518			 0.225961			 0.188722
0.41623			 0.42246			 0.389407
0.589745			 0.577661			 0.585139
0.29615			 0.287467			 0.291959
3.13682			 3.14601			 3.10126
3.86607			 3.86767			 3.91893
0.913731			 0.909935			 0.884185
0.277858			 0.275175			 0.309392
0.334205			 0.328173			 0.355767
1.03147			 1.03126			 1.07029
0.783564			 0.772823			 0.763433
6.81128			 6.79638			 6.82583
0.204683			 0.207025			 0.244809
1.55041			 1.54952			 1.53914
0.207489			 0.221393			 0.261937
0.264821			 0.270794			 0.302541
0.345589			 0.342022			 0.317613
0.513993			 0.510735			 0.466432
0.261465			 0.270258			 0.228055
5.37152			 5.37637			 5.34098
0.788042			 0.777552			 0.73796
6.62214			 6.61571			 6.5757
0.582335			 0.57087			 0.581034
0.431235			 0.43728			 0.456474
0.53944			 0.532694			 0.51022
3.72639			 3.72925			 3.70593
0.28771			 0.280967			 0.311184
4.34696			 4.34638			 4.37258
6.37889			 6.37981			 6.33671
0.410208			 0.416293			 0.393628
0.350061			 0.347493			 0.397886
0.79452			 0.784396			 0.737884
6.33456			 6.33644			 6.32507
0.352414			 0.350368			 0.370069
1.65539			 1.65512			 1.69422
0.187644			 0.0293503			 0.181278
0.204721			 0.207242			 0.175416
5.36534			 5.37015			 5.31835
0.553965			 0.545422			 0.509281
0.459129			 0.463132			 0.427989
0.4884			 0.488773			 0.512357
6.77151			 6.75862			 6.79804
0.265364			 0.270902			 0.227996
2.77269			 2.78418			 2.80569
0.463812			 0.467309			 0.421918
0.692489			 0.677856			 0.721332
0.360597			 0.360315			 0.364321
2.72708			 2.73865			 2.6883
0.19012			 0.0681123			 0.250982
0.525337			 0.520485			 0.505569
0.472812			 0.475243			 0.446538
1.6157			 1.61512			 1.64149
0.485814			 0.486542			 0.442934
0.861712			 0.855371			 0.848384
0.511551			 0.508641			 0.461815
0.903957			 0.899722			 0.890113
0.758794			 0.746721			 0.757476
0.412218			 0.418367			 0.424194
0.369966			 0.371534			 0.40486
2.25647			 2.26509			 2.2727
0.482773			 0.483913			 0.5075
2.38859			 2.39873			 2.36207
0.27108			 0.272426			 0.25971
0.308679			 0.299247			 0.312496
0.228191			 0.266563			 0.26565
2.10184			 2.10817			 2.14376
0.348868			 0.346034			 0.371776
5.08305			 5.08569			 5.1054
1.76567			 1.76661			 1.78582
1.17332			 1.17396			 1.21893
0.251348			 0.26978			 0.257813
4.52502			 4.52458			 4.5483
4.20593			 4.20561			 4.15974
1.53129			 1.53035			 1.50244
0.528648			 0.523341			 0.564791
1.27268			 1.27277			 1.28182
2.9172			 2.92811			 2.87909
0.20742			 0.221075			 0.186097
0.481321			 0.482655			 0.434747
1.65503			 1.65475			 1.65771
0.736777			 0.723644			 0.745421
0.448648			 0.453634			 0.447113
0.472481			 0.474953			 0.469449
0.772639			 0.761297			 0.749362
0.338242			 0.333058			 0.337347
1.92011			 1.92339			 1.87752
0.19538			 0.133587			 0.165377
0.406664			 0.4126			 0.394452
1.16708			 1.16773			 1.12094
1.80398			 1.80545			 1.77251
0.997561			 0.996641			 1.01649
4.29231			 4.29179			 4.33314
0.304354			 0.294932			 0.326496
2.71911			 2.73068			 2.76714
1.21108			 1.21157			 1.21507
4.29023			 4.28971			 4.29339
0.457145			 0.46135			 0.471727
0.393068			 0.397983			 0.358498
0.793367			 0.783178			 0.830761
0.194179			 0.120438			 0.198342
0.549652			 0.541624			 0.547244
0.351523			 0.34928			 0.37581
0.787038			 0.776492			 0.823194
0.476079			 0.478097			 0.504502
0.257831			 0.269914			 0.290918
0.556474			 0.547639			 0.539923
0.462506			 0.466147			 0.503495
0.785249			 0.774602			 0.729477
5.39084			 5.39583			 5.35455
0.623872			 0.609744			 0.590682
1.03113			 1.03092			 1.03548
0.235221			 0.269328			 0.283662
0.76449			 0.752713			 0.748986
0.232357			 0.26856			 0.290975
4.08139			 4.08156			 4.06744
1.46201			 1.46106			 1.43584
1.20434			 1.20486			 1.15305
0.469676			 0.472491			 0.432266
0.489019			 0.489307			 0.480308
4.96767			 4.96946			 4.94708
1.57202			 1.5712			 1.58402
0.541334			 0.534344			 0.49724
0.655079			 0.640188			 0.683179
1.60514			 1.6045			 1.63242
4.46101			 4.46046			 4.48864
3.89287			 3.89426			 3.90347
0.209074			 0.228286			 0.212973
0.344103			 0.340205			 0.303395
0.229533			 0.267342			 0.232336
0.790394			 0.780036			 0.823953
1.30583			 1.30568			 1.34662
4.02199			 4.02249			 4.07322
0.493654			 0.493294			 0.533709
0.921352			 0.917883			 0.87925
0.254977			 0.269792			 0.291978
2.69614			 2.70773			 2.7098
1.32344			 1.32317			 1.33884
4.16699			 4.16679			 4.12677
4.45137			 4.45081			 4.47259
0.925654			 0.922364			 0.892093
1.22813			 1.22852			 1.21169
1.14473			 1.14541			 1.17839
0.425903			 0.432099			 0.414052
0.804064			 0.794484			 0.838608
0.285487			 0.279482			 0.334354
0.744274			 0.731485			 0.688293
6.51492			 6.51217			 6.49379
1.31947			 1.31923			 1.3469
1.44597			 1.44507			 1.40307
0.560865			 0.551535			 0.513704
0.336907			 0.331438			 0.36024
1.57075			 1.56993			 1.61949
1.9661			 1.97016			 1.97151
0.363205			 0.36346			 0.384205
0.65779			 0.642878			 0.619686
0.241027			 0.269928			 0.296985
6.16463			 6.1693			 6.14237
1.11083			 1.11145			 1.08588
0.794677			 0.784562			 0.798091
2.74023			 2.75178			 2.7615
0.538512			 0.531887			 0.515498
1.49627			 1.49529			 1.50673
5.98196			 5.98822			 5.92963
1.74067			 1.74129			 1.78856
5.26116			 5.26519			 5.2371
2.08656			 2.09264			 2.10086
0.475137			 0.477276			 0.420531
0.72872			 0.715243			 0.707544
0.631599			 0.617188			 0.591583
0.269412			 0.271907			 0.292828
0.574488			 0.563745			 0.572884
1.71525			 1.71558			 1.74023
0.8393			 0.83173			 0.824187
0.466377			 0.469582			 0.469136
0.838745			 0.831144			 0.820921
0.951399			 0.949094			 0.973931
0.297288			 0.28844			 0.26441
3.48863			 3.49401			 3.47371
0.593905			 0.581501			 0.547211
0.212086			 0.239268			 0.209358
2.35573			 2.36554			 2.38942
0.580063			 0.5688			 0.538074
0.625868			 0.611661			 0.666217
6.57104			 6.56646			 6.59603
6.01424			 6.02031			 6.05066
0.368076			 0.369289			 0.360171
0.751166			 0.738709			 0.759005
0.952504			 0.950239			 0.993855
0.804865			 0.795332			 0.748522
0.470321			 0.473058			 0.434035
0.624181			 0.61004			 0.630679
0.535945			 0.529657			 0.51686
3.03793			 3.04799			 3.08918
1.53528			 1.53434			 1.5596
3.14909			 3.15817			 3.18858
6.11393			 6.11917			 6.15541
0.91499			 0.911249			 0.912054
4.75937			 4.75983			 4.76137
0.325722			 0.318088			 0.31926
1.88559			 1.88831			 1.89048
0.491024			 0.491033			 0.441195
2.25863			 2.26728			 2.22375
0.266142			 0.271068			 0.244491
4.57761			 4.57731			 4.55763
2.91244			 2.92337			 2.88529
6.41859			 6.41855			 6.44121
3.7233			 3.72618			 3.71318
0.273049			 0.273118			 0.283482
0.362022			 0.362035			 0.398167
0.252502			 0.26977			 0.225974
0.378245			 0.381232			 0.382372
0.271543			 0.272581			 0.2687
1.18563			 1.18623			 1.21778
0.440771			 0.446335			 0.422205
0.773013			 0.761691			 0.802003
0.337606			 0.332287			 0.383859
0.563757			 0.55411			 0.508162
3.31244			 3.3198			 3.3664
0.569934			 0.559642			 0.584039
0.197923			 0.158316			 0.18498
4.82066			 4.82147			 4.80298
6.16234			 6.16704			 6.19542
0.807178			 0.797777			 0.768769
0.2691			 0.271817			 0.257914
0.992791			 0.991751			 0.95212
2.13439			 2.14123			 2.15022
0.32904			 0.321995			 0.352355
1.03892			 1.03884			 0.986876
0.415977			 0.422204			 0.446442
0.21795			 0.254198			 0.272062
0.313183			 0.303972			 0.308488
0.333167			 0.326923			 0.321331
2.13917			 2.14609			 2.11871
2.75741			 2.76893			 2.77132
4.25579			 4.25534			 4.25742
4.32529			 4.32472			 4.28774
1.43878			 1.43789			 1.45936
0.82659			 0.818301			 0.854136
1.32915			 1.32884			 1.3337
0.609815			 0.596369			 0.645359
0.257392			 0.269887			 0.276897
0.561337			 0.551955			 0.58004
3.03525			 3.04534			 3.08921
0.238915			 0.269821			 0.2721
1.01404			 1.0135			 0.977752
0.269053			 0.271804			 0.241374
0.597492			 0.584827			 0.554573
0.860076			 0.853648			 0.850163
2.47026			 2.48106			 2.44854
0.278886			 0.275682			 0.236097
1.48349			 1.48252			 1.46662
0.491747			 0.491655			 0.466848
2.62973			 2.64125			 2.62898
2.02099			 2.02597			 2.06113
0.830852			 0.822805			 0.863281
0.212167			 0.23953			 0.19311
1.31519			 1.31497			 1.33488
1.22651			 1.22691			 1.20511
0.639059			 0.624435			 0.618953
0.478071			 0.479833			 0.434752
0.619204			 0.605278			 0.621938
0.810183			 0.800955			 0.769284
2.91209			 2.92303			 2.92751
1.47161			 1.47066			 1.46549
0.308415			 0.298976			 0.303237
3.1949			 3.20352			 3.21103
0.994572			 0.993577			 0.962168
0.643371			 0.62865			 0.661887
0.804544			 0.794992			 0.823059
0.214543			 0.246447			 0.187361
3.29791			 3.30543			 3.29598
4.22247			 4.22209			 4.24575
0.369637			 0.371143			 0.418243
0.690548			 0.675875			 0.659421
0.251145			 0.269783			 0.213835
1.61544			 1.61486			 1.61977
2.32613			 2.33561			 2.36875
3.40109			 3.40746			 3.44736
1.72444			 1.72487			 1.76793
1.20056			 1.20109			 1.24623
0.34755			 0.344421			 0.369394
Testing loss 0.000874592
Testing accuracy 0.0395333
